deviceID	timestamp		posX		posY		posZ		rotX		rotY		rotZ	name
0			0.0000000000	44.554699	165.519257	-28.368557	8.377533	133.991669	-0.845108	generic_hmd
0			0.0166666667	44.554699	165.519257	-28.368557	8.378411	133.991669	-0.828102	generic_hmd
0			0.0333333333	44.542263	165.519257	-28.368120	8.381507	133.991669	-0.810200	generic_hmd
0			0.0500000000	44.532211	165.519257	-28.367342	8.384182	133.987442	-0.793468	generic_hmd
0			0.0666666667	44.520748	165.519257	-28.366489	8.386442	133.981598	-0.773233	generic_hmd
0			0.0833333333	44.509800	165.519257	-28.365643	8.390547	133.967987	-0.752407	generic_hmd
0			0.1000000000	44.501934	165.516357	-28.364887	8.395917	133.952347	-0.731452	generic_hmd
0			0.1166666667	44.500092	165.513138	-28.364305	8.403223	133.932709	-0.713302	generic_hmd
0			0.1333333333	44.498745	165.509674	-28.363979	8.409414	133.911804	-0.698485	generic_hmd
0			0.1500000000	44.497658	165.505539	-28.363991	8.413651	133.894119	-0.688084	generic_hmd
0			0.1666666667	44.496716	165.503296	-28.365965	8.419056	133.882553	-0.678829	generic_hmd
0			0.1833333333	44.495800	165.502518	-28.370064	8.423962	133.876740	-0.662847	generic_hmd
0			0.2000000000	44.494793	165.502182	-28.374722	8.435402	133.874771	-0.644823	generic_hmd
0			0.2166666667	44.500267	165.502106	-28.380264	8.449073	133.872910	-0.634632	generic_hmd
0			0.2333333333	44.507130	165.502045	-28.386303	8.468596	133.871002	-0.630531	generic_hmd
0			0.2500000000	44.514240	165.502640	-28.396009	8.484451	133.868103	-0.629956	generic_hmd
0			0.2666666667	44.516182	165.514374	-28.405008	8.492417	133.865524	-0.632050	generic_hmd
0			0.2833333333	44.517231	165.521103	-28.413616	8.516859	133.863052	-0.634573	generic_hmd
0			0.3000000000	44.519829	165.528046	-28.422813	8.561895	133.860535	-0.615249	generic_hmd
0			0.3166666667	44.528816	165.528900	-28.438292	8.612062	133.852798	-0.573796	generic_hmd
0			0.3333333333	44.534187	165.529495	-28.455259	8.650068	133.838394	-0.533183	generic_hmd
0			0.3500000000	44.542343	165.529892	-28.475729	8.685395	133.814819	-0.494102	generic_hmd
0			0.3666666667	44.546272	165.530167	-28.496975	8.718160	133.785095	-0.456170	generic_hmd
0			0.3833333333	44.553844	165.530319	-28.525379	8.754204	133.747879	-0.412017	generic_hmd
0			0.4000000000	44.561729	165.530441	-28.558424	8.792455	133.703568	-0.359486	generic_hmd
0			0.4166666667	44.574711	165.530548	-28.590567	8.830653	133.655273	-0.305999	generic_hmd
0			0.4333333333	44.585911	165.530685	-28.623581	8.860136	133.603989	-0.258304	generic_hmd
0			0.4500000000	44.602390	165.530945	-28.661219	8.886970	133.550049	-0.212470	generic_hmd
0			0.4666666667	44.619251	165.531342	-28.694426	8.903743	133.495712	-0.173772	generic_hmd
0			0.4833333333	44.641701	165.531937	-28.731174	8.904976	133.441422	-0.162893	generic_hmd
0			0.5000000000	44.661819	165.532990	-28.769798	8.899746	133.388733	-0.162868	generic_hmd
0			0.5166666667	44.687199	165.536697	-28.808277	8.904996	133.335968	-0.166182	generic_hmd
0			0.5333333333	44.713707	165.541656	-28.845148	8.922113	133.286331	-0.169510	generic_hmd
0			0.5500000000	44.743488	165.548279	-28.882765	8.954745	133.239532	-0.174662	generic_hmd
0			0.5666666667	44.768799	165.559433	-28.918808	8.983829	133.202972	-0.181750	generic_hmd
0			0.5833333333	44.806080	165.570023	-28.960203	9.005799	133.177475	-0.206761	generic_hmd
0			0.6000000000	44.839920	165.582779	-28.997444	9.021709	133.172958	-0.236860	generic_hmd
0			0.6166666667	44.879509	165.592606	-29.035637	9.040283	133.171158	-0.262414	generic_hmd
0			0.6333333333	44.915928	165.603058	-29.075636	9.066550	133.169800	-0.274170	generic_hmd
0			0.6500000000	44.959599	165.613205	-29.114927	9.092289	133.175354	-0.275924	generic_hmd
0			0.6666666667	44.997101	165.621857	-29.153246	9.122216	133.186829	-0.277148	generic_hmd
0			0.6833333333	45.037083	165.631104	-29.190138	9.154856	133.200516	-0.278093	generic_hmd
0			0.7000000000	45.084839	165.642944	-29.228924	9.190681	133.212341	-0.278809	generic_hmd
0			0.7166666667	45.123821	165.654999	-29.261620	9.227861	133.227158	-0.279347	generic_hmd
0			0.7333333333	45.176697	165.652924	-29.302238	9.276085	133.234100	-0.279758	generic_hmd
0			0.7500000000	45.218460	165.663376	-29.334711	9.329690	133.236069	-0.275449	generic_hmd
0			0.7666666667	45.259083	165.677994	-29.368147	9.384336	133.231140	-0.268795	generic_hmd
0			0.7833333333	45.307350	165.689163	-29.403410	9.438501	133.220322	-0.266082	generic_hmd
0			0.8000000000	45.357056	165.696823	-29.438232	9.486859	133.203766	-0.273419	generic_hmd
0			0.8166666667	45.407864	165.710083	-29.469107	9.533785	133.184402	-0.292020	generic_hmd
0			0.8333333333	45.453018	165.729965	-29.497635	9.583556	133.171417	-0.315894	generic_hmd
0			0.8500000000	45.505409	165.745514	-29.527435	9.640476	133.157700	-0.341746	generic_hmd
0			0.8666666667	45.548725	165.766418	-29.553225	9.691653	133.139236	-0.369253	generic_hmd
0			0.8833333333	45.602177	165.781158	-29.580748	9.738376	133.116470	-0.397904	generic_hmd
0			0.9000000000	45.652798	165.795471	-29.602762	9.783488	133.092377	-0.426589	generic_hmd
0			0.9166666667	45.700527	165.809265	-29.623346	9.829098	133.067657	-0.454226	generic_hmd
0			0.9333333333	45.751842	165.823822	-29.642811	9.869491	133.043671	-0.488874	generic_hmd
0			0.9500000000	45.799644	165.837662	-29.658026	9.898656	133.024094	-0.534970	generic_hmd
0			0.9666666667	45.847553	165.851913	-29.672125	9.930249	133.010330	-0.591725	generic_hmd
0			0.9833333333	45.890911	165.868729	-29.684305	9.969244	133.001404	-0.645713	generic_hmd
0			1.0000000000	45.937931	165.882462	-29.688560	10.024811	132.996887	-0.687584	generic_hmd
0			1.0166666667	45.974266	165.895416	-29.689791	10.089052	132.994629	-0.691796	generic_hmd
0			1.0333333333	46.009720	165.903244	-29.690622	10.145340	132.992416	-0.692683	generic_hmd
0			1.0500000000	46.045704	165.910385	-29.691170	10.184446	132.990112	-0.693175	generic_hmd
0			1.0666666667	46.072441	165.917557	-29.691555	10.223968	132.987396	-0.693435	generic_hmd
0			1.0833333333	46.098999	165.924240	-29.691900	10.265874	132.969940	-0.693629	generic_hmd
0			1.1000000000	46.116417	165.934113	-29.692324	10.309028	132.943787	-0.693922	generic_hmd
0			1.1166666667	46.136402	165.941208	-29.686312	10.356201	132.910629	-0.694480	generic_hmd
0			1.1333333333	46.143444	165.948685	-29.677641	10.394386	132.876587	-0.695466	generic_hmd
0			1.1500000000	46.155537	165.950684	-29.673119	10.429290	132.844849	-0.700254	generic_hmd
0			1.1666666667	46.169327	165.952026	-29.667107	10.444002	132.824432	-0.712903	generic_hmd
0			1.1833333333	46.178909	165.953217	-29.645683	10.436629	132.822662	-0.723713	generic_hmd
0			1.2000000000	46.187389	165.944077	-29.630211	10.402283	132.821884	-0.741247	generic_hmd
0			1.2166666667	46.196415	165.937042	-29.624283	10.363056	132.821320	-0.758848	generic_hmd
0			1.2333333333	46.212448	165.926910	-29.621275	10.340710	132.827118	-0.761331	generic_hmd
0			1.2500000000	46.221817	165.921402	-29.615257	10.327733	132.838104	-0.765151	generic_hmd
0			1.2666666667	46.230331	165.916794	-29.606392	10.318314	132.849136	-0.769764	generic_hmd
0			1.2833333333	46.233204	165.912430	-29.600313	10.303186	132.859543	-0.780734	generic_hmd
0			1.3000000000	46.234932	165.907806	-29.598524	10.267967	132.870056	-0.800117	generic_hmd
0			1.3166666667	46.237900	165.898987	-29.597149	10.207042	132.874481	-0.827319	generic_hmd
0			1.3333333333	46.241791	165.879044	-29.596064	10.130013	132.876801	-0.857674	generic_hmd
0			1.3500000000	46.244122	165.868713	-29.595181	10.058949	132.870636	-0.881297	generic_hmd
0			1.3666666667	46.237637	165.864151	-29.594418	9.997304	132.851288	-0.904993	generic_hmd
0			1.3833333333	46.233463	165.856171	-29.593689	9.940441	132.825272	-0.915700	generic_hmd
0			1.4000000000	46.230789	165.849319	-29.598921	9.877625	132.798645	-0.916626	generic_hmd
0			1.4166666667	46.228806	165.838181	-29.613489	9.810199	132.772476	-0.916812	generic_hmd
0			1.4333333333	46.227707	165.825211	-29.630066	9.744829	132.744766	-0.908614	generic_hmd
0			1.4500000000	46.230640	165.818985	-29.646540	9.708394	132.710983	-0.889843	generic_hmd
0			1.4666666667	46.231911	165.816406	-29.667376	9.709101	132.670776	-0.862450	generic_hmd
0			1.4833333333	46.226089	165.814362	-29.687038	9.751761	132.627686	-0.824398	generic_hmd
0			1.5000000000	46.207371	165.832077	-29.698780	9.811933	132.587967	-0.783755	generic_hmd
0			1.5166666667	46.198051	165.843124	-29.717854	9.886430	132.552628	-0.735521	generic_hmd
0			1.5333333333	46.183693	165.859497	-29.731918	9.962994	132.515320	-0.678240	generic_hmd
0			1.5500000000	46.173279	165.869293	-29.745554	10.037540	132.468063	-0.621972	generic_hmd
0			1.5666666667	46.149288	165.879974	-29.743279	10.097945	132.410736	-0.578245	generic_hmd
0			1.5833333333	46.124012	165.889114	-29.748779	10.155044	132.349045	-0.539086	generic_hmd
0			1.6000000000	46.102840	165.896393	-29.751621	10.202123	132.296021	-0.507829	generic_hmd
0			1.6166666667	46.083088	165.901581	-29.762089	10.244081	132.260284	-0.471827	generic_hmd
0			1.6333333333	46.065296	165.904373	-29.763340	10.258346	132.237213	-0.450352	generic_hmd
0			1.6500000000	46.051762	165.907150	-29.763651	10.260897	132.217514	-0.440018	generic_hmd
0			1.6666666667	46.033855	165.909988	-29.763931	10.262153	132.199081	-0.439389	generic_hmd
0			1.6833333333	46.017017	165.915787	-29.764164	10.251605	132.187592	-0.454435	generic_hmd
0			1.7000000000	45.990181	165.923447	-29.762293	10.237636	132.185287	-0.474249	generic_hmd
0			1.7166666667	45.970158	165.933807	-29.756069	10.250151	132.183701	-0.473680	generic_hmd
0			1.7333333333	45.935429	165.943863	-29.750267	10.280422	132.182083	-0.461292	generic_hmd
0			1.7500000000	45.906349	165.951370	-29.735985	10.310254	132.175919	-0.432841	generic_hmd
0			1.7666666667	45.876266	165.958908	-29.723583	10.335840	132.162827	-0.389064	generic_hmd
0			1.7833333333	45.850296	165.962158	-29.727287	10.354923	132.137497	-0.351912	generic_hmd
0			1.8000000000	45.831467	165.964676	-29.736317	10.375407	132.094864	-0.320704	generic_hmd
0			1.8166666667	45.804680	165.967697	-29.743980	10.403441	132.036423	-0.284743	generic_hmd
0			1.8333333333	45.782078	165.972061	-29.753132	10.444120	131.959061	-0.251677	generic_hmd
0			1.8500000000	45.746223	165.979340	-29.759100	10.504277	131.874725	-0.213628	generic_hmd
0			1.8666666667	45.723415	165.996597	-29.767944	10.589643	131.787140	-0.167198	generic_hmd
0			1.8833333333	45.700897	166.014252	-29.775040	10.669402	131.706253	-0.122313	generic_hmd
0			1.9000000000	45.674393	166.029617	-29.782915	10.717373	131.637070	-0.103589	generic_hmd
0			1.9166666667	45.656216	166.042603	-29.794558	10.744082	131.571350	-0.094624	generic_hmd
0			1.9333333333	45.630024	166.061508	-29.801531	10.800078	131.504761	-0.067635	generic_hmd
0			1.9500000000	45.606071	166.088745	-29.804134	10.906002	131.427078	-0.026921	generic_hmd
0			1.9666666667	45.571892	166.125107	-29.805750	11.042998	131.343430	0.000317	generic_hmd
0			1.9833333333	45.533623	166.161804	-29.807074	11.199644	131.264130	0.042490	generic_hmd
0			2.0000000000	45.505741	166.195679	-29.809364	11.323176	131.191727	0.063277	generic_hmd
0			2.0166666667	45.478134	166.223175	-29.813732	11.406700	131.114410	0.069530	generic_hmd
0			2.0333333333	45.452061	166.247116	-29.818420	11.484777	131.030563	0.086854	generic_hmd
0			2.0500000000	45.417240	166.273026	-29.821264	11.544334	130.950485	0.081947	generic_hmd
0			2.0666666667	45.392471	166.296387	-29.823944	11.570309	130.882050	0.020169	generic_hmd
0			2.0833333333	45.359554	166.319580	-29.827745	11.588743	130.828247	-0.037590	generic_hmd
0			2.1000000000	45.338367	166.336792	-29.837004	11.629730	130.777756	-0.050731	generic_hmd
0			2.1166666667	45.312023	166.355103	-29.840698	11.689841	130.732758	-0.045207	generic_hmd
0			2.1333333333	45.287289	166.374466	-29.843491	11.778608	130.697250	-0.009578	generic_hmd
0			2.1500000000	45.255802	166.395004	-29.839540	11.903602	130.668900	0.058889	generic_hmd
0			2.1666666667	45.226120	166.421051	-29.834700	12.048687	130.643036	0.129859	generic_hmd
0			2.1833333333	45.191292	166.447510	-29.831598	12.181416	130.615921	0.176200	generic_hmd
0			2.2000000000	45.159107	166.457016	-29.828934	12.286763	130.585526	0.195454	generic_hmd
0			2.2166666667	45.099297	166.475555	-29.814856	12.387110	130.553238	0.233003	generic_hmd
0			2.2333333333	45.055321	166.499359	-29.809195	12.507342	130.512573	0.303526	generic_hmd
0			2.2500000000	45.007820	166.518753	-29.803438	12.610673	130.468094	0.364672	generic_hmd
0			2.2666666667	44.960072	166.533234	-29.797136	12.673191	130.424454	0.384297	generic_hmd
0			2.2833333333	44.898735	166.542816	-29.786732	12.684883	130.385468	0.376797	generic_hmd
0			2.3000000000	44.859482	166.554932	-29.781054	12.675797	130.347092	0.323505	generic_hmd
0			2.3166666667	44.789459	166.562546	-29.766384	12.673772	130.306976	0.285873	generic_hmd
0			2.3333333333	44.750221	166.569931	-29.759188	12.694354	130.262436	0.267813	generic_hmd
0			2.3500000000	44.679070	166.578232	-29.744408	12.695280	130.226822	0.231604	generic_hmd
0			2.3666666667	44.640888	166.595932	-29.736752	12.693571	130.198364	0.142182	generic_hmd
0			2.3833333333	44.561954	166.614334	-29.717817	12.690738	130.178024	0.059495	generic_hmd
0			2.4000000000	44.510750	166.633377	-29.708956	12.720339	130.148621	-0.016373	generic_hmd
0			2.4166666667	44.430618	166.641953	-29.683762	12.756649	130.115021	-0.070097	generic_hmd
0			2.4333333333	44.374256	166.642822	-29.664328	12.810900	130.068756	-0.076101	generic_hmd
0			2.4500000000	44.276714	166.643478	-29.641605	12.859068	130.017914	-0.049763	generic_hmd
0			2.4666666667	44.219334	166.644012	-29.639383	12.888607	129.953705	-0.039378	generic_hmd
0			2.4833333333	44.154850	166.644424	-29.634193	12.886870	129.891922	-0.052704	generic_hmd
0			2.5000000000	44.089207	166.644760	-29.629614	12.884999	129.833176	-0.082875	generic_hmd
0			2.5166666667	44.019444	166.645035	-29.618244	12.883545	129.785614	-0.096874	generic_hmd
0			2.5333333333	43.951408	166.645279	-29.602510	12.881901	129.747223	-0.121116	generic_hmd
0			2.5500000000	43.882225	166.645538	-29.583040	12.869200	129.720215	-0.143856	generic_hmd
0			2.5666666667	43.814976	166.645828	-29.562132	12.827241	129.694687	-0.170945	generic_hmd
0			2.5833333333	43.742588	166.641876	-29.537045	12.747539	129.680145	-0.220474	generic_hmd
0			2.6000000000	43.676357	166.633896	-29.510818	12.648062	129.678299	-0.305333	generic_hmd
0			2.6166666667	43.604527	166.624054	-29.483772	12.541451	129.677155	-0.385601	generic_hmd
0			2.6333333333	43.539688	166.612228	-29.454111	12.435426	129.676483	-0.449015	generic_hmd
0			2.6500000000	43.469032	166.600723	-29.426361	12.318090	129.675995	-0.535855	generic_hmd
0			2.6666666667	43.406734	166.586487	-29.396206	12.180697	129.677979	-0.658137	generic_hmd
0			2.6833333333	43.340611	166.574722	-29.366528	12.043091	129.704193	-0.790759	generic_hmd
0			2.7000000000	43.285492	166.559799	-29.339529	11.902330	129.739319	-0.896294	generic_hmd
0			2.7166666667	43.226814	166.542953	-29.314732	11.767155	129.775269	-0.969295	generic_hmd
0			2.7333333333	43.175964	166.528107	-29.291546	11.615473	129.805405	-1.056168	generic_hmd
0			2.7500000000	43.035149	166.507019	-29.228058	11.495112	129.832031	-1.111347	generic_hmd
0			2.7666666667	42.990643	166.500885	-29.192360	11.420555	129.846924	-1.156563	generic_hmd
0			2.7833333333	42.936756	166.495239	-29.167353	11.345812	129.855270	-1.222855	generic_hmd
0			2.8000000000	42.894794	166.480743	-29.155394	11.257627	129.858932	-1.279951	generic_hmd
0			2.8166666667	42.846565	166.471741	-29.139767	11.156020	129.861557	-1.339163	generic_hmd
0			2.8333333333	42.816292	166.462219	-29.136957	11.059939	129.862823	-1.370273	generic_hmd
0			2.8500000000	42.784122	166.445358	-29.134829	10.956172	129.857681	-1.374949	generic_hmd
0			2.8666666667	42.749485	166.427216	-29.133791	10.803545	129.854233	-1.404403	generic_hmd
0			2.8833333333	42.720303	166.413574	-29.135748	10.652553	129.852783	-1.448941	generic_hmd
0			2.9000000000	42.693535	166.404160	-29.143955	10.553821	129.851746	-1.471309	generic_hmd
0			2.9166666667	42.677769	166.401794	-29.154806	10.490601	129.850952	-1.499008	generic_hmd
0			2.9333333333	42.652565	166.401672	-29.166422	10.432699	129.850281	-1.542868	generic_hmd
0			2.9500000000	42.639786	166.410904	-29.181940	10.433298	129.856842	-1.543656	generic_hmd
0			2.9666666667	42.622871	166.419830	-29.195034	10.468781	129.881805	-1.540252	generic_hmd
0			2.9833333333	42.610058	166.434464	-29.204916	10.483700	129.925980	-1.601285	generic_hmd
0			3.0000000000	42.585861	166.448181	-29.215843	10.520520	129.987640	-1.624616	generic_hmd
0			3.0166666667	42.579857	166.466888	-29.232975	10.604591	130.056351	-1.589796	generic_hmd
0			3.0333333333	42.567623	166.481613	-29.247334	10.640947	130.125641	-1.593860	generic_hmd
0			3.0500000000	42.562683	166.496399	-29.269159	10.665576	130.190933	-1.613613	generic_hmd
0			3.0666666667	42.552254	166.501053	-29.286634	10.741549	130.241211	-1.530385	generic_hmd
0			3.0833333333	42.549667	166.503296	-29.315067	10.832270	130.249344	-1.417049	generic_hmd
0			3.1000000000	42.548084	166.504364	-29.342722	10.869885	130.245697	-1.332102	generic_hmd
0			3.1166666667	42.546898	166.495010	-29.380163	10.871518	130.209457	-1.253075	generic_hmd
0			3.1333333333	42.532848	166.476044	-29.416412	10.865874	130.162445	-1.141909	generic_hmd
0			3.1500000000	42.552116	166.455444	-29.462429	10.833788	130.112915	-1.030442	generic_hmd
0			3.1666666667	42.566860	166.438995	-29.505426	10.804001	130.076538	-0.931992	generic_hmd
0			3.1833333333	42.597359	166.436127	-29.548603	10.802877	130.069031	-0.843203	generic_hmd
0			3.2000000000	42.618309	166.435043	-29.586855	10.831141	130.067291	-0.767225	generic_hmd
0			3.2166666667	42.652195	166.440857	-29.617479	10.902036	130.065994	-0.697877	generic_hmd
0			3.2333333333	42.684887	166.452042	-29.641649	10.984455	130.065079	-0.650230	generic_hmd
0			3.2500000000	42.719841	166.466110	-29.677946	11.090401	130.064514	-0.598050	generic_hmd
0			3.2666666667	42.766605	166.476257	-29.713734	11.194723	130.092514	-0.546618	generic_hmd
0			3.2833333333	42.815380	166.489899	-29.747934	11.278452	130.136078	-0.506949	generic_hmd
0			3.3000000000	42.869221	166.501724	-29.780029	11.358966	130.173126	-0.463162	generic_hmd
0			3.3166666667	42.917706	166.512756	-29.809937	11.457141	130.190414	-0.386152	generic_hmd
0			3.3333333333	42.974934	166.516998	-29.844370	11.539415	130.198761	-0.307053	generic_hmd
0			3.3500000000	43.036514	166.519257	-29.876686	11.570642	130.217560	-0.252085	generic_hmd
0			3.3666666667	43.096931	166.520508	-29.909119	11.573423	130.247253	-0.208029	generic_hmd
0			3.3833333333	43.175278	166.519119	-29.945593	11.572107	130.277405	-0.159381	generic_hmd
0			3.4000000000	43.270973	166.507874	-29.988426	11.569364	130.285431	-0.086204	generic_hmd
0			3.4166666667	43.358627	166.500214	-30.022953	11.587445	130.286346	-0.000120	generic_hmd
0			3.4333333333	43.460369	166.495682	-30.065529	11.592480	130.277832	0.040600	generic_hmd
0			3.4500000000	43.552681	166.489029	-30.102613	11.548082	130.274368	0.008033	generic_hmd
0			3.4666666667	43.667065	166.481369	-30.146940	11.462399	130.281784	-0.075466	generic_hmd
0			3.4833333333	43.785877	166.469650	-30.191780	11.388017	130.299820	-0.124193	generic_hmd
0			3.5000000000	43.915112	166.454697	-30.240662	11.344622	130.319595	-0.121424	generic_hmd
0			3.5166666667	44.047844	166.453354	-30.291407	11.321342	130.333923	-0.110506	generic_hmd
0			3.5333333333	44.174168	166.452347	-30.341665	11.319900	130.347717	-0.109779	generic_hmd
0			3.5500000000	44.302338	166.451462	-30.381184	11.323824	130.350601	-0.129621	generic_hmd
0			3.5666666667	44.424648	166.450714	-30.435699	11.346627	130.351730	-0.148920	generic_hmd
0			3.5833333333	44.550446	166.450104	-30.504755	11.409756	130.328690	-0.151619	generic_hmd
0			3.6000000000	44.667660	166.449600	-30.564821	11.467543	130.298050	-0.157177	generic_hmd
0			3.6166666667	44.794556	166.449219	-30.631079	11.508111	130.271072	-0.173997	generic_hmd
0			3.6333333333	44.917870	166.448944	-30.700054	11.554892	130.248444	-0.175299	generic_hmd
0			3.6500000000	45.033203	166.448776	-30.764103	11.638522	130.217072	-0.145400	generic_hmd
0			3.6666666667	45.161892	166.448700	-30.843649	11.762229	130.172913	-0.084698	generic_hmd
0			3.6833333333	45.286377	166.449127	-30.919067	11.870273	130.128693	-0.073836	generic_hmd
0			3.7000000000	45.403267	166.455643	-30.990719	11.941059	130.098694	-0.092896	generic_hmd
0			3.7166666667	45.517124	166.460510	-31.059162	12.008816	130.085495	-0.108164	generic_hmd
0			3.7333333333	45.643169	166.473679	-31.130697	12.125687	130.077148	-0.055075	generic_hmd
0			3.7500000000	45.755016	166.477463	-31.199671	12.294911	130.060959	0.079232	generic_hmd
0			3.7666666667	45.858444	166.490005	-31.268436	12.430391	130.030289	0.173373	generic_hmd
0			3.7833333333	45.952732	166.493607	-31.332449	12.529358	130.007126	0.217587	generic_hmd
0			3.8000000000	46.069176	166.495743	-31.404472	12.557730	129.999542	0.202247	generic_hmd
0			3.8166666667	46.151855	166.497543	-31.462927	12.555166	130.001541	0.153430	generic_hmd
0			3.8333333333	46.262466	166.495667	-31.532555	12.561496	130.009521	0.146172	generic_hmd
0			3.8500000000	46.362263	166.484436	-31.597706	12.574327	130.021255	0.182861	generic_hmd
0			3.8666666667	46.474949	166.472244	-31.669638	12.579178	130.035217	0.209204	generic_hmd
0			3.8833333333	46.554897	166.458618	-31.726894	12.580690	130.056168	0.228660	generic_hmd
0			3.9000000000	46.653709	166.447830	-31.791805	12.581478	130.080750	0.252294	generic_hmd
0			3.9166666667	46.745377	166.436890	-31.852724	12.581525	130.113541	0.273814	generic_hmd
0			3.9333333333	46.837482	166.420349	-31.915598	12.545154	130.147873	0.277124	generic_hmd
0			3.9500000000	46.930935	166.404526	-31.961901	12.476806	130.186493	0.280527	generic_hmd
0			3.9666666667	47.019230	166.384933	-32.021397	12.404410	130.223343	0.287390	generic_hmd
0			3.9833333333	47.104809	166.368271	-32.081779	12.345080	130.255951	0.294898	generic_hmd
0			4.0000000000	47.177589	166.358673	-32.140129	12.311880	130.286316	0.298711	generic_hmd
0			4.0166666667	47.252556	166.349442	-32.194942	12.287744	130.312592	0.299308	generic_hmd
0			4.0333333333	47.322628	166.336182	-32.250465	12.256696	130.339111	0.288355	generic_hmd
0			4.0500000000	47.395794	166.320267	-32.305153	12.213902	130.369049	0.288933	generic_hmd
0			4.0666666667	47.470760	166.297104	-32.359413	12.171057	130.407898	0.299180	generic_hmd
0			4.0833333333	47.542690	166.281021	-32.412075	12.156598	130.452271	0.328007	generic_hmd
0			4.1000000000	47.612690	166.259155	-32.463684	12.177242	130.494492	0.379293	generic_hmd
0			4.1166666667	47.678688	166.249451	-32.514439	12.229074	130.533768	0.446212	generic_hmd
0			4.1333333333	47.727249	166.242935	-32.553707	12.274328	130.565292	0.498654	generic_hmd
0			4.1500000000	47.779945	166.236328	-32.596710	12.311949	130.590790	0.540250	generic_hmd
0			4.1666666667	47.821266	166.230789	-32.631691	12.346498	130.593842	0.586777	generic_hmd
0			4.1833333333	47.864738	166.225708	-32.665840	12.378928	130.595062	0.638044	generic_hmd
0			4.2000000000	47.892620	166.215836	-32.692017	12.404084	130.585297	0.697865	generic_hmd
0			4.2166666667	47.930687	166.203781	-32.720718	12.406417	130.561829	0.745539	generic_hmd
0			4.2333333333	47.961903	166.186432	-32.736084	12.366735	130.538452	0.750969	generic_hmd
0			4.2500000000	47.993217	166.169571	-32.755589	12.301650	130.516205	0.751571	generic_hmd
0			4.2666666667	48.020824	166.148331	-32.771183	12.226268	130.500671	0.751788	generic_hmd
0			4.2833333333	48.050449	166.129044	-32.780399	12.137063	130.493286	0.751515	generic_hmd
0			4.3000000000	48.069077	166.108749	-32.782684	12.032901	130.491623	0.741212	generic_hmd
0			4.3166666667	48.094429	166.091492	-32.783684	11.923328	130.497421	0.704883	generic_hmd
0			4.3333333333	48.107967	166.078018	-32.781673	11.808964	130.523529	0.653526	generic_hmd
0			4.3500000000	48.125656	166.065063	-32.775578	11.701821	130.556778	0.604513	generic_hmd
0			4.3666666667	48.133312	166.057709	-32.768192	11.614252	130.593903	0.568823	generic_hmd
0			4.3833333333	48.141563	166.049911	-32.758675	11.535111	130.631836	0.526284	generic_hmd
0			4.4000000000	48.142624	166.045425	-32.744785	11.455367	130.670059	0.471673	generic_hmd
0			4.4166666667	48.142910	166.041153	-32.731106	11.399134	130.712250	0.432064	generic_hmd
0			4.4333333333	48.143017	166.038315	-32.716228	11.354270	130.752029	0.404766	generic_hmd
0			4.4500000000	48.133656	166.035538	-32.701069	11.324152	130.792435	0.395191	generic_hmd
0			4.4666666667	48.125877	166.032791	-32.687359	11.310286	130.837234	0.399316	generic_hmd
0			4.4833333333	48.118233	166.027451	-32.678864	11.299888	130.879990	0.419104	generic_hmd
0			4.5000000000	48.108631	166.021713	-32.669300	11.285624	130.923401	0.442709	generic_hmd
0			4.5166666667	48.094662	166.017792	-32.659744	11.272723	130.957779	0.467678	generic_hmd
0			4.5333333333	48.073189	166.014801	-32.650383	11.259152	130.975754	0.493092	generic_hmd
0			4.5500000000	48.054329	166.012268	-32.642044	11.229758	130.975708	0.498250	generic_hmd
0			4.5666666667	48.025963	166.010025	-32.634270	11.203668	130.973053	0.501235	generic_hmd
0			4.5833333333	47.988625	166.009018	-32.611084	11.202437	130.950317	0.504223	generic_hmd
0			4.6000000000	47.943325	166.017715	-32.589958	11.225259	130.919327	0.511145	generic_hmd
0			4.6166666667	47.904812	166.028534	-32.574631	11.285529	130.878159	0.532662	generic_hmd
0			4.6333333333	47.864407	166.036484	-32.564358	11.331890	130.833618	0.540831	generic_hmd
0			4.6500000000	47.819641	166.044952	-32.550568	11.348968	130.788956	0.540225	generic_hmd
0			4.6666666667	47.769035	166.050003	-32.530155	11.362322	130.744781	0.537521	generic_hmd
0			4.6833333333	47.713680	166.059250	-32.505302	11.394558	130.707825	0.535880	generic_hmd
0			4.7000000000	47.661602	166.069748	-32.475788	11.439509	130.678665	0.546637	generic_hmd
0			4.7166666667	47.607487	166.084549	-32.440952	11.496489	130.661972	0.549636	generic_hmd
0			4.7333333333	47.552425	166.100677	-32.401707	11.547106	130.659103	0.549466	generic_hmd
0			4.7500000000	47.496262	166.113174	-32.360455	11.579936	130.656464	0.534169	generic_hmd
0			4.7666666667	47.435104	166.127487	-32.316204	11.597242	130.654465	0.517531	generic_hmd
0			4.7833333333	47.370075	166.142273	-32.269035	11.614721	130.637405	0.494571	generic_hmd
0			4.8000000000	47.302540	166.161743	-32.220837	11.641112	130.607224	0.461552	generic_hmd
0			4.8166666667	47.229420	166.183716	-32.170834	11.689442	130.566391	0.427574	generic_hmd
0			4.8333333333	47.143044	166.205795	-32.116051	11.747776	130.525772	0.394205	generic_hmd
0			4.8500000000	47.060471	166.229874	-32.057869	11.810438	130.485458	0.365497	generic_hmd
0			4.8666666667	46.977787	166.254730	-31.997282	11.869680	130.451492	0.336526	generic_hmd
0			4.8833333333	46.894882	166.278824	-31.936039	11.934395	130.439026	0.320038	generic_hmd
0			4.9000000000	46.807789	166.301743	-31.871542	12.009382	130.437622	0.316602	generic_hmd
0			4.9166666667	46.719765	166.327347	-31.803286	12.101054	130.438232	0.315709	generic_hmd
0			4.9333333333	46.628082	166.353882	-31.734575	12.202228	130.457153	0.317070	generic_hmd
0			4.9500000000	46.536098	166.380051	-31.667080	12.297449	130.476883	0.318489	generic_hmd
0			4.9666666667	46.433754	166.408783	-31.596062	12.374468	130.478989	0.306611	generic_hmd
0			4.9833333333	46.333279	166.432755	-31.529705	12.458566	130.478546	0.301232	generic_hmd
0			5.0000000000	46.225800	166.456467	-31.462597	12.531006	130.457962	0.294954	generic_hmd
0			5.0166666667	46.116467	166.475494	-31.394007	12.575368	130.429626	0.265665	generic_hmd
0			5.0333333333	46.003345	166.492706	-31.325651	12.614921	130.406021	0.245342	generic_hmd
0			5.0500000000	45.888630	166.503555	-31.257824	12.661392	130.380066	0.244496	generic_hmd
0			5.0666666667	45.779144	166.513397	-31.193201	12.702559	130.351089	0.251398	generic_hmd
0			5.0833333333	45.664085	166.521027	-31.125998	12.753662	130.314667	0.278514	generic_hmd
0			5.1000000000	45.551640	166.530136	-31.061064	12.806286	130.268204	0.304192	generic_hmd
0			5.1166666667	45.441525	166.539825	-30.995169	12.838312	130.224350	0.306428	generic_hmd
0			5.1333333333	45.330376	166.550735	-30.927029	12.851713	130.198349	0.308441	generic_hmd
0			5.1500000000	45.211456	166.559219	-30.851740	12.895915	130.184052	0.339908	generic_hmd
0			5.1666666667	45.099236	166.574844	-30.780336	12.995688	130.166702	0.430072	generic_hmd
0			5.1833333333	44.984100	166.585388	-30.706360	13.105954	130.129074	0.526112	generic_hmd
0			5.2000000000	44.882267	166.598572	-30.637171	13.162211	130.083176	0.571839	generic_hmd
0			5.2166666667	44.776165	166.601425	-30.565241	13.135352	130.052979	0.546435	generic_hmd
0			5.2333333333	44.685360	166.602417	-30.497227	13.063105	130.043991	0.472456	generic_hmd
0			5.2500000000	44.565952	166.603165	-30.416939	13.002241	130.034927	0.406210	generic_hmd
0			5.2666666667	44.476593	166.603760	-30.351557	13.001276	130.007584	0.388651	generic_hmd
0			5.2833333333	44.359264	166.604263	-30.274309	13.007013	129.973099	0.387145	generic_hmd
0			5.3000000000	44.267891	166.604736	-30.211010	12.976605	129.943726	0.344651	generic_hmd
0			5.3166666667	44.146816	166.603195	-30.135166	12.883538	129.934555	0.249852	generic_hmd
0			5.3333333333	44.066547	166.595398	-30.083708	12.801641	129.931442	0.183427	generic_hmd
0			5.3500000000	43.968437	166.585190	-30.025833	12.726643	129.928268	0.122714	generic_hmd
0			5.3666666667	43.871014	166.583527	-29.968615	12.701573	129.924911	0.075961	generic_hmd
0			5.3833333333	43.758327	166.582367	-29.906290	12.701920	129.914215	0.048201	generic_hmd
0			5.4000000000	43.656166	166.581497	-29.850714	12.702347	129.898117	0.011792	generic_hmd
0			5.4166666667	43.544537	166.580750	-29.793516	12.702881	129.878738	-0.030965	generic_hmd
0			5.4333333333	43.445618	166.579956	-29.747807	12.703546	129.851349	-0.052507	generic_hmd
0			5.4500000000	43.326771	166.578918	-29.690746	12.704367	129.816818	-0.062944	generic_hmd
0			5.4666666667	43.227623	166.577530	-29.643549	12.705367	129.773666	-0.087784	generic_hmd
0			5.4833333333	43.098244	166.576553	-29.582071	12.706574	129.730026	-0.110211	generic_hmd
0			5.5000000000	42.991714	166.576797	-29.531857	12.747802	129.679962	-0.113021	generic_hmd
0			5.5166666667	42.883488	166.578201	-29.481485	12.797107	129.630157	-0.109218	generic_hmd
0			5.5333333333	42.777073	166.580124	-29.432640	12.809708	129.589645	-0.127222	generic_hmd
0			5.5500000000	42.663986	166.581970	-29.380718	12.771688	129.562378	-0.191529	generic_hmd
0			5.5666666667	42.559834	166.577881	-29.330345	12.711922	129.550095	-0.242901	generic_hmd
0			5.5833333333	42.451073	166.570465	-29.278599	12.648354	129.548355	-0.271666	generic_hmd
0			5.6000000000	42.352451	166.560410	-29.232414	12.608294	129.547379	-0.276816	generic_hmd
0			5.6166666667	42.247124	166.551697	-29.181646	12.549609	129.547485	-0.293187	generic_hmd
0			5.6333333333	42.149399	166.537842	-29.133278	12.461867	129.569427	-0.323878	generic_hmd
0			5.6500000000	42.051891	166.515442	-29.084877	12.339907	129.611313	-0.348081	generic_hmd
0			5.6666666667	41.974472	166.489639	-29.047306	12.198321	129.653152	-0.376692	generic_hmd
0			5.6833333333	41.821899	166.454269	-28.976204	12.054321	129.693375	-0.388198	generic_hmd
0			5.7000000000	41.755329	166.425552	-28.949642	11.921913	129.725037	-0.401287	generic_hmd
0			5.7166666667	41.688751	166.399643	-28.921965	11.774220	129.733734	-0.437743	generic_hmd
0			5.7333333333	41.621784	166.379898	-28.900070	11.625985	129.732513	-0.490097	generic_hmd
0			5.7500000000	41.573349	166.360367	-28.887941	11.524453	129.705414	-0.515635	generic_hmd
0			5.7666666667	41.492973	166.341888	-28.861744	11.504665	129.655060	-0.472779	generic_hmd
0			5.7833333333	41.433567	166.333633	-28.845324	11.529831	129.592026	-0.420298	generic_hmd
0			5.8000000000	41.356815	166.330383	-28.819485	11.540679	129.530975	-0.412360	generic_hmd
0			5.8166666667	41.286079	166.328110	-28.792646	11.559418	129.474670	-0.416129	generic_hmd
0			5.8333333333	41.219872	166.325867	-28.765114	11.574698	129.417603	-0.419894	generic_hmd
0			5.8500000000	41.149242	166.323456	-28.733580	11.555716	129.362640	-0.435009	generic_hmd
0			5.8666666667	41.084846	166.314270	-28.681076	11.475667	129.319336	-0.466505	generic_hmd
0			5.8833333333	41.017326	166.293579	-28.640524	11.353400	129.286346	-0.500300	generic_hmd
0			5.9000000000	40.968014	166.264709	-28.608034	11.169016	129.255508	-0.575934	generic_hmd
0			5.9166666667	40.910797	166.232101	-28.567295	10.963994	129.230286	-0.653053	generic_hmd
0			5.9333333333	40.870461	166.190079	-28.544067	10.749940	129.220139	-0.733180	generic_hmd
0			5.9500000000	40.835594	166.165894	-28.510406	10.552029	129.219650	-0.837400	generic_hmd
0			5.9666666667	40.786255	166.151215	-28.476625	10.364682	129.223846	-0.941412	generic_hmd
0			5.9833333333	40.749611	166.137344	-28.437914	10.231804	129.225586	-1.008101	generic_hmd
0			6.0000000000	40.713291	166.116959	-28.400249	10.119494	129.227158	-1.070972	generic_hmd
0			6.0166666667	40.690681	166.102448	-28.368361	10.003270	129.228775	-1.140178	generic_hmd
0			6.0333333333	40.648865	166.084991	-28.326590	9.843977	129.230621	-1.216600	generic_hmd
0			6.0500000000	40.629684	166.060455	-28.296000	9.627199	129.245651	-1.311628	generic_hmd
0			6.0666666667	40.590588	166.028381	-28.258760	9.434573	129.255127	-1.397646	generic_hmd
0			6.0833333333	40.580276	166.017410	-28.233570	9.352358	129.244217	-1.422521	generic_hmd
0			6.1000000000	40.534477	166.014282	-28.199171	9.294209	129.207932	-1.436157	generic_hmd
0			6.1166666667	40.517475	166.008911	-28.183540	9.206633	129.178970	-1.472514	generic_hmd
0			6.1333333333	40.492020	165.988510	-28.162746	9.084411	129.180328	-1.499518	generic_hmd
0			6.1500000000	40.476955	165.983673	-28.143454	9.040378	129.194687	-1.460404	generic_hmd
0			6.1666666667	40.440582	165.982330	-28.115074	9.057720	129.211517	-1.389094	generic_hmd
0			6.1833333333	40.432896	165.988037	-28.096315	9.093065	129.237259	-1.325865	generic_hmd
0			6.2000000000	40.414185	165.991653	-28.070173	9.093660	129.287750	-1.272033	generic_hmd
0			6.2166666667	40.402546	165.995834	-28.047131	9.080506	129.355652	-1.239725	generic_hmd
0			6.2333333333	40.394753	166.001770	-28.021286	9.079043	129.425339	-1.226349	generic_hmd
0			6.2500000000	40.387402	166.007843	-27.998430	9.078441	129.493759	-1.214832	generic_hmd
0			6.2666666667	40.386036	166.012589	-27.974672	9.062640	129.573715	-1.234199	generic_hmd
0			6.2833333333	40.385830	166.016098	-27.963869	8.992875	129.658051	-1.272644	generic_hmd
0			6.3000000000	40.385979	166.017624	-27.948124	8.897779	129.729660	-1.302654	generic_hmd
0			6.3166666667	40.385738	166.019043	-27.946699	8.820663	129.781448	-1.317380	generic_hmd
0			6.3333333333	40.384365	166.020493	-27.945419	8.771344	129.826813	-1.296626	generic_hmd
0			6.3500000000	40.388943	166.022079	-27.944447	8.742029	129.870087	-1.254263	generic_hmd
0			6.3666666667	40.403053	166.023956	-27.950157	8.737617	129.898834	-1.210151	generic_hmd
0			6.3833333333	40.424110	166.026871	-27.968472	8.748843	129.905334	-1.166067	generic_hmd
0			6.4000000000	40.444805	166.032578	-27.990847	8.795463	129.908218	-1.111565	generic_hmd
0			6.4166666667	40.473293	166.035278	-28.015200	8.835101	129.911713	-1.051073	generic_hmd
0			6.4333333333	40.497776	166.037399	-28.038752	8.853094	129.938873	-0.999905	generic_hmd
0			6.4500000000	40.537659	166.039352	-28.066715	8.867800	129.981735	-0.947944	generic_hmd
0			6.4666666667	40.591740	166.042053	-28.100920	8.885655	130.031586	-0.878604	generic_hmd
0			6.4833333333	40.654472	166.045349	-28.140392	8.912670	130.084473	-0.812027	generic_hmd
0			6.5000000000	40.715004	166.048615	-28.179850	8.943032	130.146576	-0.747951	generic_hmd
0			6.5166666667	40.791370	166.052521	-28.224314	8.979407	130.213226	-0.679801	generic_hmd
0			6.5333333333	40.870621	166.056564	-28.271225	9.015573	130.274078	-0.622118	generic_hmd
0			6.5500000000	40.963963	166.059952	-28.323988	9.055232	130.306854	-0.568992	generic_hmd
0			6.5666666667	41.063698	166.062012	-28.379171	9.086184	130.309952	-0.522956	generic_hmd
0			6.5833333333	41.169922	166.064026	-28.439915	9.107233	130.305496	-0.498046	generic_hmd
0			6.6000000000	41.283432	166.066101	-28.500797	9.121125	130.297745	-0.496585	generic_hmd
0			6.6166666667	41.388798	166.068359	-28.556677	9.132187	130.295975	-0.509550	generic_hmd
0			6.6333333333	41.511036	166.076599	-28.617012	9.147251	130.295486	-0.561566	generic_hmd
0			6.6500000000	41.630051	166.089447	-28.676512	9.187592	130.296570	-0.599068	generic_hmd
0			6.6666666667	41.740982	166.101578	-28.733534	9.253025	130.298859	-0.617774	generic_hmd
0			6.6833333333	41.859688	166.118011	-28.794474	9.327083	130.290329	-0.625664	generic_hmd
0			6.7000000000	41.985107	166.125046	-28.857235	9.381612	130.269104	-0.642839	generic_hmd
0			6.7166666667	42.105827	166.138596	-28.922825	9.415110	130.251648	-0.682531	generic_hmd
0			6.7333333333	42.222553	166.158264	-28.986368	9.429562	130.244705	-0.744173	generic_hmd
0			6.7500000000	42.345554	166.171204	-29.054674	9.454562	130.238464	-0.789306	generic_hmd
0			6.7666666667	42.471474	166.182510	-29.124228	9.499598	130.226120	-0.794941	generic_hmd
0			6.7833333333	42.593128	166.191254	-29.196594	9.551683	130.204956	-0.790998	generic_hmd
0			6.8000000000	42.711838	166.193802	-29.269588	9.553698	130.190826	-0.827262	generic_hmd
0			6.8166666667	42.826088	166.195389	-29.329224	9.508094	130.187988	-0.916298	generic_hmd
0			6.8333333333	42.949783	166.196930	-29.405899	9.466233	130.185394	-0.981312	generic_hmd
0			6.8500000000	43.069923	166.198456	-29.490412	9.456782	130.183121	-1.010502	generic_hmd
0			6.8666666667	43.187168	166.200043	-29.574020	9.457269	130.181152	-1.025764	generic_hmd
0			6.8833333333	43.304375	166.203461	-29.655905	9.459118	130.179886	-1.046272	generic_hmd
0			6.9000000000	43.418816	166.209290	-29.738785	9.460898	130.192017	-1.101609	generic_hmd
0			6.9166666667	43.527355	166.215744	-29.818665	9.456902	130.221085	-1.165105	generic_hmd
0			6.9333333333	43.636761	166.222137	-29.901419	9.487116	130.239731	-1.165340	generic_hmd
0			6.9500000000	43.745316	166.227936	-29.985958	9.577950	130.239685	-1.097301	generic_hmd
0			6.9666666667	43.847214	166.230942	-30.074354	9.665600	130.230530	-1.035686	generic_hmd
0			6.9833333333	43.948963	166.233185	-30.160706	9.709327	130.227905	-1.020647	generic_hmd
0			7.0000000000	44.044727	166.235046	-30.245447	9.694093	130.226456	-1.040321	generic_hmd
0			7.0166666667	44.136787	166.229385	-30.327301	9.635104	130.227646	-1.092437	generic_hmd
0			7.0333333333	44.237556	166.213348	-30.416893	9.572371	130.248016	-1.119319	generic_hmd
0			7.0500000000	44.326328	166.196899	-30.489754	9.558992	130.264542	-1.068235	generic_hmd
0			7.0666666667	44.417774	166.176727	-30.571100	9.541605	130.276566	-1.021610	generic_hmd
0			7.0833333333	44.498028	166.161392	-30.645161	9.488224	130.287247	-1.021838	generic_hmd
0			7.1000000000	44.583961	166.146805	-30.723894	9.412016	130.306198	-1.027110	generic_hmd
0			7.1166666667	44.659882	166.130020	-30.797546	9.305268	130.343033	-1.074014	generic_hmd
0			7.1333333333	44.741978	166.117920	-30.869316	9.212337	130.396744	-1.113612	generic_hmd
0			7.1500000000	44.823158	166.113235	-30.924255	9.191386	130.457901	-1.100836	generic_hmd
0			7.1666666667	44.894756	166.108337	-30.987669	9.207395	130.519440	-1.042160	generic_hmd
0			7.1833333333	44.976410	166.100357	-31.065113	9.243034	130.572266	-0.975388	generic_hmd
0			7.2000000000	45.052437	166.095215	-31.132362	9.263737	130.612686	-0.908691	generic_hmd
0			7.2166666667	45.127525	166.089554	-31.199295	9.304199	130.633377	-0.833154	generic_hmd
0			7.2333333333	45.204956	166.083603	-31.270332	9.363011	130.634445	-0.764260	generic_hmd
0			7.2500000000	45.276276	166.079819	-31.335339	9.418440	130.616318	-0.714750	generic_hmd
0			7.2666666667	45.347454	166.075562	-31.399282	9.462794	130.582794	-0.683483	generic_hmd
0			7.2833333333	45.414696	166.070221	-31.458906	9.491652	130.542984	-0.676806	generic_hmd
0			7.3000000000	45.482967	166.056824	-31.516352	9.536936	130.493530	-0.660245	generic_hmd
0			7.3166666667	45.540138	166.046585	-31.561794	9.589670	130.442947	-0.625876	generic_hmd
0			7.3333333333	45.608040	166.032501	-31.608572	9.600386	130.408005	-0.612483	generic_hmd
0			7.3500000000	45.670998	166.020126	-31.648752	9.563869	130.395050	-0.633675	generic_hmd
0			7.3666666667	45.729584	166.011719	-31.683397	9.499002	130.396240	-0.669171	generic_hmd
0			7.3833333333	45.791000	166.006836	-31.715481	9.457565	130.415604	-0.673966	generic_hmd
0			7.4000000000	45.843533	166.002747	-31.740900	9.433611	130.446442	-0.674618	generic_hmd
0			7.4166666667	45.897438	165.998550	-31.764742	9.399747	130.487411	-0.675558	generic_hmd
0			7.4333333333	45.946026	165.994247	-31.780785	9.341614	130.536728	-0.705898	generic_hmd
0			7.4500000000	45.988255	165.985352	-31.797832	9.269339	130.586517	-0.760020	generic_hmd
0			7.4666666667	46.036057	165.975784	-31.817518	9.197220	130.626709	-0.819771	generic_hmd
0			7.4833333333	46.083279	165.966400	-31.839380	9.130029	130.657227	-0.867384	generic_hmd
0			7.5000000000	46.126732	165.949036	-31.860071	9.052091	130.680283	-0.912609	generic_hmd
0			7.5166666667	46.164242	165.937759	-31.879305	8.971758	130.702576	-0.959123	generic_hmd
0			7.5333333333	46.194809	165.927994	-31.892952	8.890855	130.725449	-1.010175	generic_hmd
0			7.5500000000	46.229122	165.921631	-31.911535	8.821306	130.747269	-1.053713	generic_hmd
0			7.5666666667	46.254032	165.915787	-31.923759	8.767700	130.763214	-1.063518	generic_hmd
0			7.5833333333	46.280212	165.910751	-31.931841	8.731444	130.775620	-1.063940	generic_hmd
0			7.6000000000	46.291130	165.907608	-31.935627	8.687877	130.785934	-1.064040	generic_hmd
0			7.6166666667	46.305439	165.906616	-31.949900	8.678778	130.788666	-1.059195	generic_hmd
0			7.6333333333	46.321037	165.905716	-31.967270	8.683316	130.790283	-1.025303	generic_hmd
0			7.6500000000	46.329468	165.904938	-31.975449	8.691423	130.789597	-1.002304	generic_hmd
0			7.6666666667	46.340324	165.904251	-31.992085	8.706262	130.775345	-0.973759	generic_hmd
0			7.6833333333	46.348999	165.903641	-32.002613	8.718132	130.753525	-0.951242	generic_hmd
0			7.7000000000	46.356796	165.903091	-32.012592	8.722152	130.725601	-0.941778	generic_hmd
0			7.7166666667	46.364639	165.902588	-32.016499	8.724066	130.700180	-0.934369	generic_hmd
0			7.7333333333	46.370525	165.902100	-32.018063	8.728609	130.677032	-0.925041	generic_hmd
0			7.7500000000	46.372074	165.901642	-32.019348	8.730783	130.660645	-0.923209	generic_hmd
0			7.7666666667	46.373024	165.901184	-32.020393	8.732597	130.650589	-0.922375	generic_hmd
0			7.7833333333	46.370293	165.900696	-32.021225	8.734444	130.637802	-0.929581	generic_hmd
0			7.8000000000	46.367413	165.900177	-32.021877	8.739134	130.625336	-0.938402	generic_hmd
0			7.8166666667	46.364319	165.906723	-32.022377	8.746936	130.612213	-0.951038	generic_hmd
0			7.8333333333	46.346043	165.928421	-32.013901	8.790237	130.601486	-0.955361	generic_hmd
0			7.8500000000	46.327183	165.944305	-32.004429	8.859417	130.591812	-0.954850	generic_hmd
0			7.8666666667	46.303543	165.962418	-31.992134	8.909842	130.586594	-0.951780	generic_hmd
0			7.8833333333	46.276478	165.964447	-31.979479	8.935312	130.581146	-0.948132	generic_hmd
0			7.9000000000	46.255035	165.965546	-31.970955	8.937590	130.576950	-0.928988	generic_hmd
0			7.9166666667	46.228531	165.966492	-31.959999	8.939624	130.572678	-0.904031	generic_hmd
0			7.9333333333	46.203018	165.967285	-31.951099	8.941812	130.566406	-0.884513	generic_hmd
0			7.9500000000	46.167309	165.967987	-31.932817	8.950728	130.558289	-0.870949	generic_hmd
0			7.9666666667	46.131161	165.968643	-31.918282	8.970888	130.547501	-0.851839	generic_hmd
0			7.9833333333	46.095451	165.969269	-31.905186	8.978076	130.532471	-0.826616	generic_hmd
0			8.0000000000	46.058155	165.969925	-31.891203	8.979280	130.512833	-0.794759	generic_hmd
0			8.0166666667	46.020889	165.968353	-31.881021	8.968338	130.486160	-0.762101	generic_hmd
0			8.0333333333	45.981247	165.962128	-31.869045	8.966321	130.454697	-0.724977	generic_hmd
0			8.0500000000	45.941555	165.956741	-31.854401	8.965012	130.427582	-0.676791	generic_hmd
0			8.0666666667	45.897121	165.952652	-31.838432	8.964509	130.409409	-0.630073	generic_hmd
0			8.0833333333	45.858055	165.947617	-31.818136	8.965205	130.398193	-0.582298	generic_hmd
0			8.1000000000	45.815643	165.942886	-31.800699	8.984638	130.385239	-0.533205	generic_hmd
0			8.1166666667	45.777145	165.939819	-31.787172	9.008935	130.366241	-0.486925	generic_hmd
0			8.1333333333	45.734898	165.936722	-31.768570	9.021938	130.357391	-0.439000	generic_hmd
0			8.1500000000	45.697338	165.932709	-31.749149	9.023651	130.355179	-0.403426	generic_hmd
0			8.1666666667	45.661938	165.920761	-31.726078	9.012399	130.357666	-0.374199	generic_hmd
0			8.1833333333	45.632587	165.910812	-31.703327	8.990410	130.372177	-0.346169	generic_hmd
0			8.2000000000	45.600006	165.903152	-31.678495	8.983217	130.384247	-0.318622	generic_hmd
0			8.2166666667	45.569714	165.899673	-31.658083	8.981771	130.386932	-0.290109	generic_hmd
0			8.2333333333	45.536301	165.897247	-31.634895	8.983870	130.388504	-0.265277	generic_hmd
0			8.2500000000	45.509830	165.894852	-31.610271	8.987317	130.387558	-0.250724	generic_hmd
0			8.2666666667	45.474510	165.892380	-31.584515	8.971306	130.379364	-0.248578	generic_hmd
0			8.2833333333	45.451355	165.887787	-31.560925	8.940784	130.366592	-0.247622	generic_hmd
0			8.3000000000	45.427349	165.880463	-31.539015	8.896309	130.355850	-0.246929	generic_hmd
0			8.3166666667	45.406357	165.873291	-31.515100	8.852450	130.343643	-0.256270	generic_hmd
0			8.3333333333	45.386044	165.871109	-31.492931	8.831869	130.333405	-0.258773	generic_hmd
0			8.3500000000	45.369572	165.869308	-31.471952	8.829588	130.320801	-0.260017	generic_hmd
0			8.3666666667	45.350739	165.867996	-31.451220	8.828671	130.305511	-0.263555	generic_hmd
0			8.3833333333	45.331093	165.867233	-31.423803	8.828587	130.282715	-0.271628	generic_hmd
0			8.4000000000	45.311127	165.867081	-31.396498	8.829873	130.263367	-0.284491	generic_hmd
0			8.4166666667	45.297871	165.867447	-31.372725	8.831729	130.240875	-0.301697	generic_hmd
0			8.4333333333	45.277405	165.868118	-31.344402	8.826859	130.227188	-0.326540	generic_hmd
0			8.4500000000	45.263420	165.868973	-31.319771	8.796156	130.217056	-0.362248	generic_hmd
0			8.4666666667	45.250401	165.870010	-31.294783	8.767954	130.207352	-0.401884	generic_hmd
0			8.4833333333	45.237099	165.871109	-31.264860	8.746963	130.193863	-0.444361	generic_hmd
0			8.5000000000	45.216736	165.872223	-31.236351	8.713320	130.179123	-0.502345	generic_hmd
0			8.5166666667	45.200008	165.873291	-31.209337	8.703245	130.157059	-0.538869	generic_hmd
0			8.5333333333	45.182411	165.874207	-31.177650	8.700249	130.130646	-0.548409	generic_hmd
0			8.5500000000	45.165401	165.874954	-31.153204	8.697107	130.103180	-0.554145	generic_hmd
0			8.5666666667	45.154900	165.875381	-31.135475	8.682227	130.075409	-0.566867	generic_hmd
0			8.5833333333	45.143272	165.874619	-31.115231	8.676341	130.051331	-0.571061	generic_hmd
0			8.6000000000	45.136711	165.873093	-31.096039	8.681596	130.031387	-0.571528	generic_hmd
0			8.6166666667	45.132507	165.871948	-31.077959	8.700424	130.019363	-0.569685	generic_hmd
0			8.6333333333	45.128849	165.877609	-31.059576	8.715643	130.016342	-0.567682	generic_hmd
0			8.6500000000	45.125229	165.883453	-31.046110	8.725785	130.026093	-0.583410	generic_hmd
0			8.6666666667	45.114475	165.890411	-31.028143	8.743809	130.040298	-0.606115	generic_hmd
0			8.6833333333	45.106323	165.901230	-31.016890	8.784771	130.043198	-0.612174	generic_hmd
0			8.7000000000	45.090408	165.915787	-31.002600	8.846862	130.044601	-0.613661	generic_hmd
0			8.7166666667	45.077553	165.928436	-30.991360	8.925214	130.041306	-0.614088	generic_hmd
0			8.7333333333	45.063938	165.941208	-30.982134	8.999362	130.034576	-0.605307	generic_hmd
0			8.7500000000	45.049667	165.950867	-30.971176	9.067451	130.023239	-0.582295	generic_hmd
0			8.7666666667	45.036133	165.952240	-30.960163	9.126438	130.020111	-0.546771	generic_hmd
0			8.7833333333	45.022251	165.953506	-30.948620	9.166547	130.019241	-0.519427	generic_hmd
0			8.8000000000	45.010376	165.954651	-30.937794	9.184345	130.019058	-0.508950	generic_hmd
0			8.8166666667	45.003265	165.955627	-30.928152	9.202821	130.030518	-0.497290	generic_hmd
0			8.8333333333	44.997810	165.956375	-30.917667	9.216761	130.056458	-0.482890	generic_hmd
0			8.8500000000	44.993717	165.956879	-30.907524	9.234315	130.093536	-0.462158	generic_hmd
0			8.8666666667	44.990147	165.957077	-30.895159	9.238824	130.142258	-0.450807	generic_hmd
0			8.8833333333	44.987617	165.956284	-30.877260	9.227525	130.196930	-0.450461	generic_hmd
0			8.9000000000	44.985626	165.951355	-30.860735	9.201586	130.259552	-0.455200	generic_hmd
0			8.9166666667	44.984028	165.948517	-30.843296	9.170506	130.325119	-0.478840	generic_hmd
0			8.9333333333	44.982899	165.947189	-30.826447	9.139040	130.395432	-0.505608	generic_hmd
0			8.9500000000	44.984642	165.945938	-30.812166	9.120042	130.466507	-0.530229	generic_hmd
0			8.9666666667	44.989746	165.944794	-30.798765	9.106064	130.536133	-0.552630	generic_hmd
0			8.9833333333	44.993042	165.943802	-30.791454	9.093431	130.602203	-0.577271	generic_hmd
0			9.0000000000	44.995197	165.942947	-30.787941	9.076221	130.657608	-0.603100	generic_hmd
0			9.0166666667	44.997944	165.942245	-30.786245	9.052958	130.695007	-0.628061	generic_hmd
0			9.0333333333	44.994591	165.941742	-30.788559	9.028087	130.705978	-0.641497	generic_hmd
0			9.0500000000	44.989056	165.941406	-30.793087	9.024522	130.706375	-0.641453	generic_hmd
0			9.0666666667	44.979431	165.941360	-30.796616	9.028651	130.692657	-0.626120	generic_hmd
0			9.0833333333	44.971909	165.942169	-30.799500	9.052398	130.672119	-0.605860	generic_hmd
0			9.1000000000	44.966118	165.943665	-30.801754	9.081018	130.653488	-0.587481	generic_hmd
0			9.1166666667	44.959488	165.945389	-30.803837	9.117983	130.650574	-0.565623	generic_hmd
0			9.1333333333	44.942932	165.946869	-30.805798	9.143873	130.650070	-0.540855	generic_hmd
0			9.1500000000	44.931019	165.947708	-30.804512	9.145081	130.650085	-0.531044	generic_hmd
0			9.1666666667	44.916695	165.947449	-30.786253	9.130153	130.668488	-0.529171	generic_hmd
0			9.1833333333	44.902828	165.946136	-30.777166	9.106425	130.690643	-0.527448	generic_hmd
0			9.2000000000	44.883186	165.944031	-30.763714	9.078828	130.722305	-0.525549	generic_hmd
0			9.2166666667	44.867435	165.941452	-30.754152	9.072222	130.756195	-0.519273	generic_hmd
0			9.2333333333	44.854446	165.938538	-30.758083	9.084841	130.790588	-0.481778	generic_hmd
0			9.2500000000	44.844669	165.933777	-30.753469	9.086499	130.816727	-0.444695	generic_hmd
0			9.2666666667	44.832867	165.922180	-30.750601	9.055989	130.831482	-0.422592	generic_hmd
0			9.2833333333	44.819016	165.910522	-30.747791	9.012606	130.832916	-0.407498	generic_hmd
0			9.3000000000	44.801933	165.904556	-30.745590	8.968516	130.833298	-0.392847	generic_hmd
0			9.3166666667	44.790913	165.899246	-30.745590	8.936962	130.818359	-0.390338	generic_hmd